1724416
1724417
1724420
1722374
1724423
1722376
1724425
1724430
1724432
1724433
1724434
1722387
1722390
1724438
1724442
1724444
1724445
1722398
1722401
1724451
1722408
1722409
1722410
1724457
1722412
1724458
1724459
1724461
1724465
1722418
1722420
1722421
1722422
1724470
1722424
1724471
1724474
1724476
1722431
1724480
1724484
1722438
1724487
1722441
1724490
1722448
1724496
1724497
1724500
1724501
1724510
1724512
1722465
1724515
1724518
1724520
1724521
1722474
1724522
1724525
1724526
1722480
1724529
1722485
1724533
1724534
1722488
1724535
1724537
1724542
1724544
1722497
1724545
1724550
1722503
1722504
1724553
1722508
1724560
1722513
1724561
1722515
1724562
1724565
1724566
1724568
1724575
1724577
1724580
1724582
1724583
1724585
1724587
1722541
1722545
1724594
1722547
1722551
1724599
1724600
1722555
1724606
1722562
1724613
1722566
1724614
1722569
1724618
1724620
1724621
1724622
1724623
1724629
1724635
1724636
1724639
1722592
1724641
1724642
1724643
1724646
1724650
1724651
1724652
1724653
1724658
1724661
1722618
1724672
1724673
1722626
1722633
1722635
1722636
1722638
1724687
1722641
1722642
1722643
1724689
1724690
1724691
1724692
1724693
1724694
1724701
1722654
1724702
1722656
1722657
1724705
1722661
1722662
1724714
1724715
1724716
1724718
1724719
1724721
1724723
1724728
1724731
1724732
1724735
1724737
1722690
1724738
1724740
1724741
1724742
1724743
1722696
1724745
1724746
1724748
1724749
1724750
1724751
1724753
1722707
1722708
1724756
1724757
1724758
1724759
1724760
1724763
1722716
1722717
1724764
1724766
1724767
1724768
1724769
1724771
1724772
1724773
1724774
1724776
1724778
1724779
1724781
1724783
1724784
1724785
1722738
1724786
1724788
1724789
1724791
1724793
1724794
1724795
1724799
1722752
1724802
1724804
1724807
1724808
1724811
1724814
1722768
1722775
1724823
1724824
1724827
1722781
1724830
1724831
1724833
1724835
1724836
1724837
1724842
1724843
1722797
1722798
1724845
1724847
1724848
1724849
1724852
1722805
1724853
1724854
1722808
1722809
1724855
1724856
1722812
1724857
1724858
1724860
1724862
1722817
1724863
1724864
1724866
1724868
1722822
1724874
1724876
1724878
1722831
1724880
1724881
1722834
1722835
1724882
1722837
1724884
1724886
1724888
1724891
1724892
1722845
1724894
1724897
1724898
1724899
1724900
1724901
1724902
1722855
1724903
1724904
1724905
1724907
1724908
1722861
1724910
1724911
1724912
1724914
1724915
1722868
1722869
1724916
1724919
1724920
1722873
1724921
1724923
1724924
1724925
1722878
1724926
1724927
1724928
1724929
1724930
1722884
1722885
1724931
1724932
1724933
1724934
1724935
1724936
1722892
1722893
1724937
1724942
1724943
1722897
1722898
1722899
1724945
1724946
1724947
1724948
1724949
1724951
1724952
1724953
1724954
1724955
1724957
1724958
1724959
1724960
1724963
1722916
1724964
1724966
1724968
1724969
1722924
1724973
1722928
1724976
1724977
1724978
1722932
1724980
1722934
1724982
1722936
1722937
1724984
1724987
1722940
1724991
1724992
1722945
1724993
1724994
1724996
1724998
1722951
1724999
1725000
1725003
1722959
1722960
1725008
1725010
1725011
1725012
1725013
1725014
1725016
1725018
1722971
1725020
1725022
1725024
1722977
1725025
1725028
1722981
1725033
1725035
1722990
1725038
1725040
1725041
1725044
1725045
1722998
1725048
1723001
1725050
1725051
1725053
1725054
1725055
1725057
1723011
1723012
1725059
1723014
1725060
1725062
1723017
1723018
1725063
1723020
1723021
1725064
1725065
1725066
1723025
1725068
1725070
1725072
1723029
1723030
1725078
1723033
1725081
1725083
1723036
1725084
1725085
1723039
1725086
1725087
1725088
1725090
1723044
1725091
1725092
1723049
1725097
1725099
1723052
1725100
1725102
1725105
1725106
1725107
1723060
1723061
1723062
1723063
1725108
1725109
1725111
1725115
1725116
1725117
1725119
1723072
1725120
1725121
1723075
1725122
1725123
1723078
1725124
1723080
1725126
1723082
1725128
1725129
1723085
1725130
1723087
1725131
1725133
1725134
1725135
1725136
1725137
1725140
1723096
1725145
1723098
1723099
1725147
1723101
1725149
1723103
1725150
1725153
1725154
1725157
1725159
1725160
1725161
1725162
1723115
1725164
1725166
1723120
1725168
1725169
1725171
1725172
1725173
1723126
1725174
1725175
1725176
1725177
1723132
1723133
1723134
1725181
1725185
1725187
1725188
1723141
1723142
1725190
1725191
1725193
1725194
1725195
1723149
1725197
1723151
1725198
1725199
1725200
1725201
1725202
1723157
1725203
1725204
1725205
1725206
1725207
1725208
1723164
1725209
1725210
1725211
1725212
1725213
1725214
1723171
1723172
1723173
1725216
1725218
1725219
1725220
1725221
1725222
1725223
1725224
1723182
1723183
1725225
1725226
1725228
1725229
1725230
1725231
1725232
1725233
1725234
1723193
1725235
1725236
1725237
1725238
1725239
1725240
1725241
1725242
1725243
1723203
1725244
1725245
1725246
1725247
1725248
1725249
1725250
1725251
1723212
1725252
1725253
1725254
1725255
1723221
1723227
1723228
1723232
1723236
1723239
1723242
1723248
1723250
1723252
1723265
1723272
1723284
1723298
1723305
1723319
1723322
1723325
1723326
1723339
1723341
1723345
1723349
1723352
1723358
1723364
1723365
1723366
1723368
1723376
1723380
1723382
1723383
1723387
1723394
1723400
1723406
1723412
1723413
1723414
1723416
1723418
1723423
1723424
1723427
1723432
1723435
1723438
1723448
1723451
1723453
1723467
1723470
1723471
1723472
1723474
1723476
1723479
1723495
1723499
1723505
1723511
1723512
1723516
1723517
1723521
1723528
1723529
1723530
1723532
1723538
1723542
1723544
1723546
1723549
1723551
1723558
1723561
1723562
1723565
1723572
1723576
1723578
1723579
1723588
1723597
1723598
1723599
1723602
1723603
1723611
1723628
1723632
1723633
1723637
1723646
1723650
1723661
1723664
1723670
1723672
1723687
1723688
1723691
1723701
1723706
1723709
1723710
1723712
1723717
1723719
1723726
1723727
1723729
1723737
1723739
1723740
1723742
1723744
1723746
1723750
1723753
1723755
1723767
1723773
1723774
1723776
1723777
1723779
1723782
1723788
1723792
1723797
1723809
1723810
1723812
1723817
1723818
1723820
1723823
1723825
1723828
1723829
1723830
1723831
1723834
1723837
1723840
1723844
1723846
1723852
1723858
1723861
1723870
1723873
1723875
1723876
1723879
1723881
1723883
1723885
1723889
1723891
1723892
1723894
1723895
1723898
1723903
1723904
1723906
1723907
1723908
1723911
1723913
1723914
1723915
1723916
1723918
1723928
1723933
1723934
1723937
1723942
1721898
1723953
1721909
1723961
1723962
1721920
1723971
1721931
1723984
1723988
1721941
1721942
1723993
1723994
1723995
1721950
1724001
1724003
1724006
1724010
1724014
1724016
1724017
1724020
1721973
1724024
1724026
1721979
1724027
1724030
1721990
1724040
1721993
1721994
1724041
1724043
1724045
1724046
1724047
1722000
1722001
1724049
1724051
1722004
1724053
1722006
1724054
1722008
1724057
1722010
1722011
1722015
1722022
1722023
1722024
1724080
1724082
1724084
1722038
1724088
1724089
1724090
1724093
1722049
1722050
1722054
1724102
1722062
1722065
1724113
1722067
1724114
1724116
1724118
1724119
1722077
1724130
1722097
1722098
1724145
1724148
1724149
1722107
1724155
1724157
1722111
1724161
1722114
1724162
1724168
1724169
1722123
1722127
1724177
1722130
1724184
1724185
1724189
1722142
1724191
1722145
1724194
1722147
1722152
1722153
1724201
1724206
1724207
1724208
1722163
1724212
1722168
1724217
1724218
1724219
1724224
1724227
1724233
1722191
1722192
1724239
1722194
1724240
1722202
1722203
1724259
1722212
1722213
1724260
1724262
1722218
1724269
1724271
1722224
1724274
1724275
1724276
1722229
1724280
1724281
1724283
1724284
1722238
1724287
1724288
1724291
1724292
1722246
1724294
1722248
1724295
1724296
1722251
1724298
1724300
1722255
1724306
1722259
1724307
1724312
1724315
1724316
1724317
1724321
1724327
1724328
1724329
1722284
1722289
1724337
1722293
1724343
1724346
1724347
1722303
1722316
1724364
1724366
1722320
1722321
1722325
1724374
1722327
1724375
1724376
1724379
1722334
1722335
1724382
1724383
1722338
1724389
1724390
1722344
1724393
1724395
1724398
1724401
1722356
1724407
1724408
1724410
1722364
1724413
